Player 0 experiences
--------------------------------------------------
State	|	Action	|	Next State	|	Reward	
[0, 0, 0, 0, 0, 1, 0, 1, 0, 0, 0, 0, 0, 0, 0, 0, 0, 0, 0, 0, 0, 0, 0, 0, 0, 0, 2, 1, 0, 10]	bet	<gameExperience.gameExperience object at 0x107786410>	0	
[0, 0, 0, 0, 0, 1, 0, 1, 0, 0, 0, 0, 0, 0, 0, 0, 1, 1, 0, 0, 0, 1, 0, 0, 0, 0, 3, 2, 0, 30]	check	None	-15	
==================================================
Player 1 experiences
--------------------------------------------------
State	|	Action	|	Next State	|	Reward	
[1, 0, 0, 0, 0, 0, 0, 0, 0, 1, 0, 0, 0, 0, 0, 0, 0, 0, 0, 0, 0, 0, 0, 0, 0, 0, 1, 1, 10, 20]	bet	<gameExperience.gameExperience object at 0x1077863d0>	0	
[1, 0, 0, 0, 0, 0, 0, 0, 0, 1, 0, 0, 0, 0, 0, 0, 1, 1, 0, 0, 0, 1, 0, 0, 0, 0, 2, 2, 0, 30]	check	None	15.0	
==================================================
